 XF =  -0.000 - XG =   0.000
 YF =   0.000 - YG =   0.000
 ZF =  -0.609 - ZG =   0.260
 Displacement =  0.1128441E+01
 Waterplane area =  0.9302396E+00
 Mass = 0.1128441E+04
